# Created by Octave 4.0.0, Wed Oct 07 04:20:47 2015 Hora oficial do Brasil <unknown@Heitor>
# name: vetX
# type: range
# base, limit, increment
0 10 0.25


