# Created by Octave 4.0.0, Tue Sep 22 22:10:06 2015 Hora oficial do Brasil <unknown@Heitor>
# name: vetY
# type: matrix
# rows: 41
# columns: 1
 2
 2.2197
 2.3811
 2.5136
 2.731
 2.7827
 2.8327
 3.0351
 2.9551
 3.3973
 3.5117
 3.5909
 3.7345
 3.8419
 4.0952
 4.2879
 4.4
 4.8764
 5.2843
 5.9241
 6.3302
 6.9608
 7.3044
 7.6791
 8.2819
 9.0139
 9.338699999999999
 10.042
 10.4
 10.6437
 10.4786
 10.4928
 10.7082
 10.6233
 10.8862
 10.683
 10.8393
 10.9186
 10.8814
 10.9779
 11


