# Created by Octave 4.0.0, Thu Nov 12 19:54:50 2015 Horário brasileiro de verão <unknown@DESKTOP-P47NVRS>
# name: x
# type: range
# base, limit, increment
0 15 0.5


# name: y
# type: matrix
# rows: 1
# columns: 31
 0 0.1049431700060732 0.2167340741141874 0.2884902283627999 0.3323368983746699 0.3589578733533678 0.3751064964063001 0.3849013107998399 0.3908421807617483 0.3944455017477979 0.3966310265018461 0.397956614280882 0.3987606239116762 0.399248280403512 0.3995440590172228 0.3997234578149261 0.3998322686860488 0.3998982658154947 0.3999382950979567 0.3999625740850562 0.3999773000351188 0.3999862317753252 0.3999916491496049 0.3999949349532007 0.3999969278938234 0.399998136673414 0.3999988698352965 0.3999993145204568 0.3999995842356405 0.3999997478261688 0.3999998470488398


